Event Start Time ms	Peak Amplitude mV	Interspike Interval ms
1448.099975585937500	-45.076278686523438	949.400024414062500
2031.199951171875000	-54.680133819580078	583.099975585937500
2881.600097656250000	-54.735015869140625	850.399963378906250
3232.600097656250000	-54.600223541259766	350.899902343750000
3542.899902343750000	-47.348339080810547	310.300140380859370
3950.100097656250000	-62.319458007812500	407.299957275390620
4167.500000000000000	-43.883319854736328	217.399902343750000
4704.200195312500000	-49.661190032958984	536.700195312500000
4911.700195312500000	-58.874061584472656	207.500000000000000
5164.799804687500000	-49.118717193603516	253.100280761718750
5510.000000000000000	-56.174346923828125	345.199523925781250
6611.399902343750000	-42.064132690429688	1101.300415039062500
7130.700195312500000	-61.939937591552734	519.399780273437500
7338.899902343750000	-62.733081817626953	208.199798583984370
7861.399902343750000	-50.430385589599609	522.500000000000000
8126.600097656250000	-60.768630981445313	265.200103759765620
9148.599609375000000	-59.126625061035156	1021.900268554687500
9181.299804687500000	-47.547206878662109	32.699523925781250
9385.599609375000000	-53.882026672363281	204.400085449218750
10197.900390625000000	-51.819171905517578	812.200439453125000
10316.599609375000000	-54.169109344482422	118.699974060058590
10585.200195312500000	-43.478401184082031	268.699340820312500
11257.799804687500000	-51.714210510253906	672.500183105468750
11504.599609375000000	-48.480491638183594	246.800476074218750
12137.400390625000000	-42.330299377441406	632.899658203125000
12553.700195312500000	-63.136428833007813	416.299713134765620
13310.900390625000000	-52.137847900390625	757.200317382812500
13817.299804687500000	-62.712013244628906	506.400482177734370
13986.599609375000000	-53.606098175048828	169.299499511718750
14177.200195312500000	-71.306037902832031	190.599716186523440
14707.099609375000000	-57.954952239990234	529.900268554687500
14904.599609375000000	-55.076210021972656	197.500000000000000
15868.500000000000000	-59.382953643798828	963.900512695312500
16020.200195312500000	-42.281044006347656	151.699218750000000
16254.700195312500000	-48.452232360839844	234.500000000000000
16522.900390625000000	-52.281421661376953	268.201263427734370
16788.300781250000000	-51.863636016845703	265.298950195312500
17408.000000000000000	-50.817668914794922	619.800537109375000
17691.900390625000000	-48.986232757568359	283.900512695312500
17996.000000000000000	-43.499820709228516	304.099487304687500
18217.300781250000000	-47.373863220214844	221.299041748046870
18448.500000000000000	-47.204261779785156	231.200958251953120
18615.300781250000000	-63.929096221923828	166.799041748046870
19258.199218750000000	-39.551021575927734	642.900146484375000
19475.599609375000000	-44.809947967529297	217.300689697265620
19748.400390625000000	-43.822578430175781	272.900604248046880
19946.300781250000000	-50.599727630615234	197.898544311523440
20442.099609375000000	-57.000293731689453	495.800445556640620
20906.400390625000000	-51.446166992187500	464.300994873046870
21631.699218750000000	-62.384437561035156	725.298706054687500
21853.500000000000000	-42.209186553955078	221.800796508789060
22022.300781250000000	-64.804389953613281	168.799041748046870
22231.900390625000000	-58.104274749755859	209.601455688476560
22744.099609375000000	-45.441696166992188	512.198974609375000
22945.400390625000000	-60.644149780273438	201.300994873046870
23778.599609375000000	-59.424762725830078	833.198974609375000
24889.099609375000000	-44.696304321289063	1110.500000000000000
25345.599609375000000	-60.245006561279297	456.500000000000000
25588.900390625000000	-54.724979400634766	243.300994873046880
25970.000000000000000	-59.811321258544922	381.099487304687500
26097.099609375000000	-54.353340148925781	127.099502563476560
26671.800781250000000	-48.059352874755859	574.599914550781250
27234.900390625000000	-47.327907562255859	563.201049804687500
27811.699218750000000	-41.762962341308594	576.798706054687500
28021.099609375000000	-46.141571044921875	209.300689697265620
28228.800781250000000	-47.588878631591797	207.799163818359370
28664.099609375000000	-49.721122741699219	435.300445556640620
29253.400390625000000	-53.716678619384766	589.301025390625000
31110.599609375000000	-62.275531768798828	1857.198974609375000
31334.400390625000000	-47.846679687500000	223.699432373046880
31428.900390625000000	-68.979019165039063	94.601562500000000
31587.099609375000000	-45.159149169921875	158.199005126953120
31745.699218750000000	-57.675277709960937	158.599700927734370
31879.900390625000000	-47.967758178710938	134.201293945312500
31970.099609375000000	-52.761035919189453	90.099388122558594
32158.300781250000000	-50.415821075439453	188.299163818359370
32305.500000000000000	-49.725227355957031	147.200958251953120
32429.900390625000000	-46.201576232910156	124.298934936523440
32617.000000000000000	-54.446434020996094	187.101455688476560
32737.800781250000000	-57.027935028076172	120.898658752441410
32859.699218750000000	-40.572044372558594	121.902107238769530
32920.601562500000000	-50.964096069335938	60.898395538330078
32961.199218750000000	-53.625633239746094	40.500041961669922
33245.398437500000000	-61.173595428466797	284.300872802734370
33361.101562500000000	-52.223628997802734	115.699096679687500
33630.601562500000000	-40.942409515380859	269.500000000000000
33850.800781250000000	-55.161796569824219	220.199493408203120
33887.500000000000000	-53.062931060791016	36.601345062255859
34039.398437500000000	-57.283477783203125	152.000061035156250
34112.300781250000000	-44.837810516357422	72.898590087890625
34147.699218750000000	-47.556140899658203	35.300544738769531
34174.199218750000000	-48.704700469970703	26.500000000000000
34211.601562500000000	-56.561355590820313	37.499958038330078
34248.101562500000000	-54.616386413574219	36.500000000000000
34685.199218750000000	-43.044235229492187	437.101593017578120
34719.601562500000000	-49.453350067138672	34.296833038330078
34828.500000000000000	-60.057357788085937	109.000061035156250
34840.601562500000000	-45.456005096435547	12.101499557495117
34851.699218750000000	-43.390129089355469	11.000043869018555
34898.601562500000000	-47.984493255615234	46.898395538330078
34977.898437500000000	-40.015907287597656	79.402465820312500
34995.000000000000000	-46.063415527343750	17.097593307495117
35056.199218750000000	-62.215675354003906	61.203105926513672
35094.398437500000000	-65.107849121093750	38.199298858642578
35238.300781250000000	-56.560859680175781	143.898590087890620
35339.199218750000000	-47.302768707275391	100.800544738769530
35426.101562500000000	-60.850833892822266	86.999954223632813
35569.300781250000000	-46.635105133056641	143.101837158203120
35596.699218750000000	-68.607780456542969	27.499761581420898
35635.000000000000000	-53.891613006591797	38.296894073486328
35659.000000000000000	-51.198673248291016	23.902343750000000
35760.000000000000000	-64.609642028808594	101.097656250000000
35784.699218750000000	-57.550270080566406	24.703105926513672
35804.601562500000000	-52.892295837402344	19.898393630981445
35860.199218750000000	-49.272335052490234	55.601604461669922
35897.300781250000000	-68.570137023925781	37.097892761230469
36007.800781250000000	-41.133293151855469	110.500000000000000
36033.898437500000000	-67.331062316894531	26.101406097412109
36052.199218750000000	-57.186592102050781	18.300699234008789
36111.000000000000000	-64.657096862792969	58.796894073486328
36201.601562500000000	-60.698738098144531	90.601501464843750
36284.000000000000000	-42.334129333496094	82.398498535156250
36368.800781250000000	-48.121337890625000	84.801002502441406
36492.601562500000000	-47.277862548828125	123.800498962402340
36523.199218750000000	-54.514873504638672	30.500043869018555
36550.500000000000000	-62.449508666992188	27.398456573486328
36570.699218750000000	-58.415847778320313	20.203105926513672
36700.500000000000000	-59.163818359375000	129.796890258789060
36737.199218750000000	-65.712524414062500	36.703105926513672
36794.300781250000000	-53.851661682128906	57.000236511230469
36829.601562500000000	-62.663982391357422	35.398155212402344
36860.699218750000000	-60.509277343750000	31.101606369018555
36909.898437500000000	-59.433849334716797	49.199298858642578
36984.699218750000000	-42.038616180419922	74.699134826660156
37030.199218750000000	-50.091884613037109	45.500000000000000
37054.300781250000000	-57.973526000976563	24.199457168579102
37101.699218750000000	-43.293563842773438	47.402107238769531
37120.699218750000000	-56.845920562744141	18.898437500000000
37174.800781250000000	-65.938819885253906	54.199455261230469
37196.800781250000000	-60.579452514648438	22.000000000000000
37225.398437500000000	-54.431076049804687	28.601406097412109
37257.699218750000000	-42.470226287841797	32.300701141357422
37286.398437500000000	-41.141105651855469	28.597738265991211
37340.398437500000000	-64.924217224121094	54.101562500000000
37351.699218750000000	-42.280475616455078	11.300700187683105
37398.699218750000000	-62.041545867919922	47.000000000000000
37485.898437500000000	-44.090110778808594	87.199302673339844
37532.199218750000000	-64.771202087402344	46.300701141357422
37548.699218750000000	-45.980571746826172	16.398437500000000
37561.101562500000000	-54.221706390380859	12.499956130981445
37570.800781250000000	-54.333049774169922	9.699500083923340
37611.101562500000000	-44.548332214355469	40.300498962402344
37670.898437500000000	-48.274921417236328	59.800907135009766
37681.101562500000000	-50.353096008300781	10.199093818664551
37696.601562500000000	-41.112262725830078	15.398437500000000
37709.898437500000000	-44.550891876220703	13.402468681335449
37734.800781250000000	-43.495418548583984	24.898593902587891
37760.800781250000000	-46.633281707763672	26.000000000000000
37775.699218750000000	-48.809505462646484	14.902106285095215
37818.300781250000000	-63.698688507080078	42.597892761230469
37908.800781250000000	-42.637134552001953	90.500000000000000
37928.199218750000000	-59.749713897705078	19.402105331420898
37971.699218750000000	-69.983200073242187	43.500000000000000
37996.699218750000000	-48.458431243896484	25.000000000000000
38009.601562500000000	-61.299720764160156	12.898393630981445
38024.699218750000000	-42.824886322021484	15.000043869018555
38045.898437500000000	-44.447151184082031	21.300863265991211
38084.800781250000000	-45.186367034912109	38.800937652587891
38103.800781250000000	-45.545566558837891	19.097656250000000
38139.199218750000000	-44.842956542968750	35.402107238769531
38160.800781250000000	-52.460765838623047	21.597894668579102
38212.601562500000000	-59.133560180664062	51.698936462402344
38230.398437500000000	-44.818992614746094	17.902469635009766
38317.898437500000000	-46.081493377685547	87.500000000000000
38343.898437500000000	-63.193645477294922	26.000000000000000
38358.601562500000000	-59.234928131103516	14.699093818664551
38420.199218750000000	-50.775287628173828	61.601604461669922
38464.800781250000000	-65.288772583007812	44.597892761230469
38481.199218750000000	-65.843162536621094	16.402105331420898
38512.300781250000000	-45.987949371337891	31.097894668579102
38531.101562500000000	-63.811004638671875	18.800500869750977
38573.300781250000000	-47.962184906005859	42.199501037597656
38643.398437500000000	-50.060672760009766	69.999847412109375
38662.800781250000000	-62.194839477539062	19.500156402587891
38682.101562500000000	-55.144218444824219	19.198938369750977
38730.699218750000000	-49.189170837402344	48.601604461669922
38745.699218750000000	-70.342170715332031	15.101562500000000
38790.000000000000000	-63.188602447509766	44.296894073486328
38822.800781250000000	-44.209083557128906	32.800998687744141
38838.800781250000000	-55.122554779052734	16.000000000000000
38860.699218750000000	-64.359954833984375	21.902105331420898
38883.101562500000000	-46.536128997802734	22.398393630981445
38919.500000000000000	-48.753555297851562	36.300842285156250
38994.199218750000000	-56.687179565429687	74.800765991210938
39010.300781250000000	-43.080738067626953	16.000238418579102
39094.800781250000000	-48.737129211425781	84.597656250000000
39125.101562500000000	-55.676738739013672	30.300500869750977
39202.898437500000000	-46.664360046386719	77.800903320312500
39224.898437500000000	-58.719383239746094	22.000000000000000
39237.800781250000000	-48.374179840087891	12.898593902587891
39266.398437500000000	-54.356765747070313	28.499843597412109
39321.199218750000000	-60.459926605224609	54.902263641357422
39342.101562500000000	-55.318912506103516	20.898393630981445
39479.500000000000000	-53.648414611816406	137.398498535156250
39512.800781250000000	-49.525074005126953	33.300998687744141
39580.800781250000000	-43.239158630371094	68.000000000000000
39588.898437500000000	-48.252449035644531	8.101406097412109
39646.699218750000000	-59.692905426025391	57.800701141357422
39708.601562500000000	-64.926567077636719	61.898395538330078
39740.699218750000000	-52.943656921386719	32.101604461669922
39761.800781250000000	-56.478534698486328	21.097894668579102
39801.699218750000000	-50.448143005371094	39.902107238769531
39813.601562500000000	-46.251064300537109	11.898393630981445
39825.500000000000000	-57.307197570800781	11.898500442504883
39837.199218750000000	-52.371974945068359	11.703105926513672
39869.500000000000000	-66.623443603515625	32.296894073486328
39900.300781250000000	-61.679393768310547	30.801000595092773
39921.601562500000000	-48.005714416503906	21.198938369750977
39956.800781250000000	-45.896034240722656	35.301063537597656
39973.000000000000000	-62.423984527587891	16.198999404907227
40036.699218750000000	-56.060039520263672	63.601543426513672
40080.300781250000000	-52.899009704589844	43.699455261230469
40096.199218750000000	-44.842857360839844	15.902106285095215
40113.800781250000000	-54.607505798339844	17.597894668579102
40126.898437500000000	-63.443759918212891	13.101406097412109
40163.699218750000000	-66.109977722167969	36.800701141357422
40176.398437500000000	-52.091670989990234	12.699299812316895
40202.800781250000000	-58.403186798095703	26.398593902587891
40219.500000000000000	-44.890384674072266	16.601343154907227
40241.500000000000000	-42.760730743408203	22.097656250000000
40314.500000000000000	-64.315330505371094	73.000000000000000
40328.898437500000000	-47.319015502929688	14.402406692504883
40363.699218750000000	-53.545845031738281	34.800701141357422
40396.898437500000000	-47.582405090332031	33.199298858642578
40416.000000000000000	-42.904922485351563	19.097593307495117
40499.699218750000000	-48.441596984863281	83.703109741210938
40516.398437500000000	-41.088855743408203	16.699300765991211
40548.800781250000000	-60.577304840087891	32.398593902587891
40636.199218750000000	-65.899383544921875	87.402107238769531
40651.601562500000000	-61.021595001220703	15.398393630981445
40668.398437500000000	-43.733039855957031	16.699344635009766
40700.300781250000000	-49.447353363037109	31.902500152587891
40792.500000000000000	-46.936943054199219	92.296653747558594
40824.000000000000000	-51.454986572265625	31.402343750000000
40836.898437500000000	-51.962192535400391	12.898500442504883
40897.500000000000000	-46.163200378417969	60.699157714843750
40950.101562500000000	-51.918666839599609	52.601501464843750
40996.601562500000000	-69.467803955078125	46.500000000000000
41040.199218750000000	-45.840896606445313	43.601604461669922
41071.000000000000000	-48.341148376464844	30.699237823486328
41200.398437500000000	-67.923004150390625	129.500061035156250
41215.000000000000000	-54.642166137695313	14.597593307495117
41275.500000000000000	-45.080970764160156	60.500000000000000
41371.601562500000000	-57.703495025634766	96.101501464843750
41380.800781250000000	-47.670551300048828	9.199500083923340
41417.000000000000000	-52.973823547363281	36.101345062255859
41454.699218750000000	-50.791404724121094	37.699199676513672
41487.300781250000000	-45.313995361328125	32.699455261230469
41515.500000000000000	-58.275356292724609	28.198999404907227
41553.000000000000000	-57.514076232910156	37.500000000000000
41567.699218750000000	-45.628726959228516	14.703105926513672
41618.398437500000000	-47.445270538330078	50.699298858642578
41655.199218750000000	-47.603771209716797	36.699138641357422
41695.699218750000000	-51.841423034667969	40.500000000000000
41709.300781250000000	-60.441349029541016	13.699456214904785
41724.800781250000000	-60.138488769531250	15.500000000000000
41739.800781250000000	-65.805603027343750	15.000000000000000
41753.500000000000000	-53.873790740966797	13.699000358581543
41783.398437500000000	-46.576404571533203	29.902406692504883
41826.398437500000000	-49.250671386718750	42.898437500000000
41894.500000000000000	-52.391105651855469	68.199157714843750
41909.101562500000000	-52.581230163574219	14.601499557495117
41919.101562500000000	-62.935943603515625	10.000000000000000
41948.101562500000000	-53.960063934326172	29.000000000000000
41986.398437500000000	-50.826099395751953	38.199344635009766
42008.699218750000000	-53.936660766601563	22.300699234008789
42047.898437500000000	-47.437496185302734	39.300861358642578
42180.398437500000000	-60.039054870605469	132.500000000000000
42196.300781250000000	-62.782974243164062	15.898593902587891
42234.699218750000000	-46.739734649658203	38.402107238769531
42247.699218750000000	-66.492614746093750	13.000000000000000
42264.601562500000000	-51.146778106689453	16.898393630981445
42333.199218750000000	-48.217521667480469	68.500045776367187
42346.601562500000000	-47.100303649902344	13.499956130981445
42381.699218750000000	-63.101680755615234	35.101604461669922
42399.398437500000000	-49.697528839111328	17.699300765991211
42414.300781250000000	-54.602935791015625	14.898593902587891
42445.898437500000000	-52.242309570312500	31.601406097412109
42468.898437500000000	-44.330993652343750	23.000000000000000
42521.699218750000000	-41.410125732421875	52.800701141357422
42618.601562500000000	-54.309970855712891	96.796829223632812
42638.601562500000000	-63.488754272460938	20.101562500000000
42646.898437500000000	-53.238777160644531	8.300906181335449
42660.500000000000000	-54.451217651367188	13.597593307495117
42699.800781250000000	-63.041999816894531	39.300998687744141
42745.199218750000000	-52.810226440429687	45.300544738769531
42760.398437500000000	-57.955730438232422	15.300862312316895
42787.398437500000000	-60.345699310302734	27.000000000000000
42822.101562500000000	-54.036144256591797	34.699092864990234
42852.300781250000000	-58.212413787841797	30.199499130249023
42877.800781250000000	-71.513938903808594	25.500000000000000
42899.500000000000000	-46.810894012451172	21.698999404907227
42927.699218750000000	-45.496101379394531	28.203105926513672
42960.699218750000000	-45.502807617187500	33.000000000000000
42996.000000000000000	-45.530498504638672	35.296894073486328
43021.898437500000000	-53.294624328613281	25.800844192504883
43079.699218750000000	-63.827999114990234	57.902263641357422
43104.300781250000000	-42.370254516601563	24.597894668579102
43121.101562500000000	-44.816696166992188	16.698938369750977
43199.300781250000000	-51.976600646972656	78.301063537597656
43220.800781250000000	-46.265495300292969	21.500000000000000
43257.500000000000000	-44.118778228759766	36.699001312255859
43283.300781250000000	-43.926113128662109	25.703344345092773
43298.699218750000000	-58.207538604736328	15.499762535095215
43356.398437500000000	-56.351421356201172	57.597736358642578
43413.699218750000000	-55.118038177490234	57.402263641357422
43436.199218750000000	-44.415622711181641	22.500000000000000
43540.101562500000000	-44.676063537597656	103.898391723632810
43569.101562500000000	-45.516170501708984	29.000000000000000
43674.500000000000000	-48.364093780517578	105.398498535156250
43694.699218750000000	-55.824199676513672	20.203105926513672
43712.199218750000000	-58.425453186035156	17.500000000000000
43721.800781250000000	-52.268684387207031	9.597893714904785
43733.601562500000000	-63.560470581054688	11.800499916076660
43815.000000000000000	-48.795593261718750	81.300842285156250
43826.800781250000000	-46.370906829833984	11.898655891418457
43863.398437500000000	-47.903854370117188	36.601406097412109
43886.300781250000000	-47.370555877685547	22.898593902587891
43906.398437500000000	-47.877075195312500	20.101406097412109
43917.800781250000000	-58.015354156494141	11.398593902587891
43942.101562500000000	-54.131706237792969	24.300500869750977
43977.500000000000000	-60.332790374755859	35.398498535156250
44078.699218750000000	-43.451953887939453	101.203109741210940
44094.199218750000000	-48.745159149169922	15.500000000000000
44111.898437500000000	-70.784805297851562	17.699300765991211
44153.199218750000000	-48.396781921386719	41.300701141357422
44171.800781250000000	-48.506622314453125	18.597894668579102
44245.398437500000000	-52.699184417724609	73.601409912109375
44257.500000000000000	-42.561408996582031	12.097593307495117
44292.000000000000000	-43.723335266113281	34.500000000000000
44320.300781250000000	-40.557415008544922	28.301000595092773
44349.898437500000000	-42.814357757568359	29.601406097412109
44377.300781250000000	-48.728187561035156	27.398593902587891
44428.000000000000000	-41.902713775634766	50.601345062255859
44463.300781250000000	-48.572410583496094	35.398654937744141
44497.898437500000000	-44.261665344238281	34.499843597412109
44510.898437500000000	-51.339179992675781	13.000000000000000
44544.800781250000000	-61.512401580810547	34.000156402587891
44595.199218750000000	-45.754077911376953	50.402107238769531
44608.300781250000000	-57.197643280029297	13.097893714904785
44659.699218750000000	-52.534919738769531	51.402107238769531
44688.000000000000000	-46.801940917968750	28.199237823486328
44796.199218750000000	-65.926094055175781	108.300765991210940
44843.601562500000000	-53.374958038330078	47.398395538330078
45021.398437500000000	-64.409584045410156	177.800903320312500
45055.000000000000000	-52.517230987548828	33.499938964843750
45110.199218750000000	-72.331916809082031	55.300762176513672
45146.000000000000000	-56.620975494384766	35.796894073486328
45175.699218750000000	-56.050579071044922	29.703105926513672
45197.601562500000000	-63.693332672119141	21.898393630981445
45268.699218750000000	-48.829315185546875	71.101608276367188
45344.199218750000000	-42.356590270996094	75.500000000000000
45385.898437500000000	-64.013870239257812	41.699298858642578
45430.601562500000000	-45.913696289062500	44.699092864990234
45504.101562500000000	-48.199073791503906	73.500000000000000
45542.898437500000000	-51.073257446289063	38.800907135009766
45568.500000000000000	-59.683437347412109	25.597593307495117
45608.699218750000000	-43.676223754882813	40.203105926513672
45629.601562500000000	-41.206825256347656	20.898393630981445
45685.898437500000000	-62.827289581298828	56.300907135009766
45749.601562500000000	-42.247463226318359	63.699092864990234
45879.898437500000000	-62.049545288085938	130.300903320312500
45920.898437500000000	-65.613731384277344	41.000000000000000
45950.898437500000000	-43.253730773925781	29.898437500000000
45999.101562500000000	-53.907737731933594	48.300655364990234
46072.800781250000000	-54.793769836425781	73.699501037597656
46110.398437500000000	-67.246253967285156	37.601406097412109
46209.699218750000000	-50.881660461425781	99.300697326660156
46247.398437500000000	-46.071498870849609	37.699298858642578
46352.101562500000000	-44.690803527832031	104.699096679687500
46359.500000000000000	-40.811256408691406	7.398499965667725
46387.601562500000000	-63.886924743652344	28.101499557495117
46416.699218750000000	-44.584335327148438	29.101606369018555
46481.000000000000000	-44.038295745849609	64.296890258789063
46549.199218750000000	-57.777107238769531	68.203109741210937
46567.800781250000000	-50.917968750000000	18.597894668579102
46639.000000000000000	-54.233985900878906	71.198997497558594
46664.398437500000000	-51.830272674560547	25.402406692504883
46710.800781250000000	-49.899833679199219	46.398593902587891
46739.398437500000000	-56.202739715576172	28.601406097412109
46808.601562500000000	-68.032394409179687	69.199096679687500
46890.601562500000000	-44.540645599365234	81.898437500000000
46912.300781250000000	-64.235176086425781	21.801061630249023
46984.300781250000000	-54.727199554443359	72.000000000000000
47096.101562500000000	-44.388141632080078	111.698936462402340
47119.601562500000000	-50.359725952148438	23.601562500000000
47181.699218750000000	-54.046764373779297	62.101604461669922
47204.398437500000000	-49.983524322509766	22.597738265991211
47228.699218750000000	-62.393589019775391	24.402261734008789
47269.199218750000000	-57.563865661621094	40.500000000000000
47340.699218750000000	-46.531948089599609	71.500000000000000
47384.699218750000000	-55.892162322998047	43.898437500000000
47446.300781250000000	-57.973918914794922	61.699455261230469
47537.898437500000000	-50.220344543457031	91.499847412109375
47555.898437500000000	-52.828533172607422	18.000000000000000
47637.800781250000000	-57.645465850830078	82.000152587890625
47743.398437500000000	-63.766750335693359	105.601409912109370
47850.500000000000000	-61.367576599121094	107.097595214843750
47913.898437500000000	-49.675544738769531	63.402404785156250
47962.101562500000000	-59.235378265380859	48.199092864990234
48028.699218750000000	-53.277950286865234	66.601608276367188
48312.800781250000000	-64.586143493652344	284.097900390625000
48362.500000000000000	-62.541576385498047	49.699001312255859
48432.000000000000000	-45.478710174560547	69.402343750000000
48516.199218750000000	-50.015850067138672	84.300765991210938
48553.699218750000000	-51.281921386718750	37.500000000000000
48583.800781250000000	-43.789001464843750	30.097894668579102
48772.101562500000000	-57.275371551513672	188.300506591796870
48804.300781250000000	-45.770221710205078	32.199501037597656
48818.800781250000000	-51.550037384033203	14.500000000000000
48915.898437500000000	-47.374145507812500	96.999847412109375
48946.199218750000000	-45.818367004394531	30.300699234008789
49033.101562500000000	-44.872329711914063	86.898391723632813
49068.898437500000000	-65.843307495117187	35.902469635009766
49141.101562500000000	-55.258235931396484	72.199096679687500
49155.601562500000000	-47.948200225830078	14.500000000000000
49241.601562500000000	-60.067031860351563	86.000000000000000
49362.000000000000000	-61.399112701416016	120.398498535156250
49374.898437500000000	-49.818630218505859	12.902406692504883
49557.500000000000000	-45.969989776611328	182.597595214843750
49646.601562500000000	-49.202739715576172	89.101501464843750
49661.300781250000000	-45.408130645751953	14.699500083923340
49700.601562500000000	-48.880989074707031	39.300498962402344
49779.101562500000000	-65.376564025878906	78.500000000000000
49800.699218750000000	-44.693717956542969	21.601606369018555
49843.800781250000000	-49.145660400390625	43.097892761230469
49867.101562500000000	-46.765365600585938	23.300500869750977
49892.699218750000000	-49.289543151855469	25.500043869018555
49905.898437500000000	-47.299797058105469	13.300862312316895
49972.398437500000000	-49.463699340820313	66.500000000000000
50014.898437500000000	-52.438167572021484	42.398437500000000
50050.898437500000000	-47.186763763427734	36.101562500000000
50066.000000000000000	-48.966640472412109	15.097593307495117
50087.500000000000000	-41.697551727294922	21.402343750000000
50135.601562500000000	-58.086246490478516	48.199157714843750
50166.699218750000000	-58.204597473144531	31.101606369018555
50185.898437500000000	-51.397071838378906	19.199300765991211
50257.398437500000000	-51.357654571533203	71.398437500000000
50345.500000000000000	-53.019462585449219	88.199157714843750
50384.199218750000000	-54.659423828125000	38.703105926513672
50434.800781250000000	-49.449722290039063	50.597892761230469
50513.398437500000000	-47.912971496582031	78.601409912109375
50590.898437500000000	-63.043430328369141	77.500000000000000
50742.699218750000000	-56.833618164062500	151.800704956054690
50780.898437500000000	-42.137954711914063	38.199298858642578
51044.800781250000000	-53.933570861816406	263.898590087890620
51210.300781250000000	-62.963699340820312	165.500000000000000
51273.000000000000000	-46.453975677490234	62.699001312255859
51329.398437500000000	-55.013530731201172	56.402404785156250
51395.898437500000000	-42.844333648681641	66.500000000000000
51442.000000000000000	-57.495246887207031	46.097595214843750
51480.398437500000000	-45.235317230224609	38.402404785156250
51574.699218750000000	-66.128028869628906	94.300697326660156
51630.601562500000000	-48.188156127929688	55.796833038330078
51651.000000000000000	-50.411037445068359	20.402406692504883
51726.500000000000000	-42.063556671142578	75.597656250000000
51739.199218750000000	-47.201908111572266	12.703105926513672
51766.500000000000000	-60.940822601318359	27.296894073486328
51866.601562500000000	-66.552131652832031	100.101501464843750
51883.199218750000000	-55.230964660644531	16.601606369018555
51962.101562500000000	-43.806060791015625	78.898391723632813
51979.500000000000000	-59.257514953613281	17.398500442504883
51997.199218750000000	-58.788631439208984	17.703105926513672
52013.300781250000000	-43.446018218994141	16.097894668579102
52035.800781250000000	-46.291805267333984	22.500000000000000
52095.398437500000000	-68.632713317871094	59.601406097412109
52151.398437500000000	-57.565277099609375	56.000000000000000
52176.000000000000000	-60.962970733642578	24.597593307495117
52212.800781250000000	-43.463348388671875	36.800998687744141
52219.101562500000000	-58.051654815673828	6.300499916076660
52233.898437500000000	-54.888076782226562	14.800906181335449
52284.000000000000000	-63.313522338867188	50.097595214843750
52361.699218750000000	-60.297466278076172	77.703109741210937
52384.101562500000000	-67.248878479003906	22.398393630981445
52405.898437500000000	-57.930946350097656	21.800907135009766
52482.101562500000000	-62.087078094482422	76.199096679687500
52504.898437500000000	-44.044105529785156	22.699344635009766
52549.199218750000000	-62.849754333496094	44.402263641357422
52601.898437500000000	-64.814575195312500	52.699298858642578
52648.300781250000000	-58.968162536621094	46.398593902587891
52686.199218750000000	-43.521492004394531	37.902107238769531
52728.898437500000000	-47.840179443359375	42.699298858642578
52912.699218750000000	-54.041568756103516	183.699142456054690
52930.500000000000000	-43.615673065185547	17.898456573486328
52962.300781250000000	-52.672080993652344	31.801000595092773
52997.101562500000000	-61.193210601806641	34.800498962402344
53017.000000000000000	-51.884197235107422	19.898500442504883
53042.000000000000000	-58.998931884765625	25.000000000000000
53143.300781250000000	-48.837314605712891	101.301002502441410
53166.800781250000000	-55.448947906494141	23.500000000000000
53205.000000000000000	-60.918170928955078	38.199001312255859
53281.800781250000000	-47.305763244628906	76.801002502441406
53326.101562500000000	-55.404060363769531	44.198936462402344
53355.199218750000000	-60.757549285888672	29.203168869018555
53441.699218750000000	-61.121047973632813	86.500000000000000
53453.101562500000000	-44.509361267089844	11.398393630981445
53494.300781250000000	-48.640613555908203	41.199501037597656
53577.000000000000000	-47.692771911621094	82.698997497558594
53617.300781250000000	-52.154537200927734	40.300998687744141
53644.500000000000000	-56.757472991943359	27.198999404907227
53751.300781250000000	-43.898254394531250	106.801002502441410
53764.101562500000000	-45.554077148437500	12.800499916076660
53861.199218750000000	-57.344669342041016	97.101608276367188
53890.800781250000000	-45.780956268310547	29.597894668579102
53909.699218750000000	-44.444671630859375	18.800542831420898
53947.898437500000000	-50.582633972167969	38.300861358642578
54013.800781250000000	-53.812461853027344	65.898590087890625
54026.000000000000000	-56.030017852783203	12.199000358581543
54058.000000000000000	-49.710826873779297	31.902343750000000
54084.300781250000000	-45.485851287841797	26.301000595092773
54127.398437500000000	-56.052017211914063	43.097499847412109
54148.699218750000000	-50.510364532470703	21.300699234008789
54206.101562500000000	-56.219017028808594	57.398395538330078
54270.898437500000000	-65.970588684082031	64.902465820312500
54350.500000000000000	-60.427024841308594	79.597595214843750
54398.500000000000000	-61.855724334716797	48.000000000000000
54508.300781250000000	-55.922912597656250	109.703346252441410
54538.000000000000000	-52.669441223144531	29.796655654907227
54585.199218750000000	-44.427726745605469	47.203105926513672
54621.000000000000000	-42.846641540527344	35.796894073486328
54698.000000000000000	-41.456169128417969	77.000000000000000
54768.800781250000000	-58.599857330322266	70.801002502441406
54853.699218750000000	-53.633121490478516	84.800544738769531
54901.601562500000000	-46.737815856933594	47.999958038330078
54967.500000000000000	-47.538295745849609	65.800842285156250
55008.699218750000000	-43.467651367187500	41.300762176513672
55075.800781250000000	-61.274677276611328	67.097892761230469
55099.000000000000000	-61.255538940429688	23.198999404907227
55160.500000000000000	-67.109283447265625	61.500000000000000
55171.500000000000000	-64.776588439941406	11.000000000000000
55269.398437500000000	-63.666633605957031	97.902404785156250
55309.699218750000000	-57.511505126953125	40.300701141357422
55362.699218750000000	-55.611259460449219	53.000000000000000
55372.601562500000000	-50.551605224609375	9.796831130981445
55427.699218750000000	-51.070472717285156	55.203166961669922
55445.000000000000000	-56.403854370117187	17.296894073486328
55495.699218750000000	-48.134582519531250	50.601543426513672
55512.398437500000000	-49.759571075439453	16.800863265991211
55559.800781250000000	-49.823371887207031	47.300937652587891
55678.101562500000000	-58.823215484619141	118.398155212402340
55689.000000000000000	-41.954319000244141	10.898500442504883
55806.101562500000000	-45.322940826416016	117.101501464843750
55869.800781250000000	-59.044219970703125	63.699501037597656
56057.101562500000000	-64.301277160644531	187.300506591796870
56109.398437500000000	-56.690250396728516	52.300907135009766
56180.699218750000000	-64.331680297851563	71.300697326660156
56242.300781250000000	-42.264709472656250	61.597892761230469
56317.800781250000000	-62.122142791748047	75.500000000000000
56362.898437500000000	-61.351432800292969	45.101406097412109
56377.898437500000000	-67.391258239746094	15.000000000000000
56458.398437500000000	-43.849025726318359	80.398437500000000
56478.800781250000000	-64.290374755859375	20.500156402587891
56513.800781250000000	-61.513008117675781	35.000000000000000
56677.699218750000000	-57.486984252929688	163.902099609375000
56699.898437500000000	-60.388156890869141	22.199300765991211
56728.699218750000000	-56.546173095703125	28.800699234008789
56803.398437500000000	-46.100845336914063	74.699302673339844
56827.601562500000000	-59.681797027587891	24.199092864990234
56885.000000000000000	-50.288753509521484	57.300842285156250
56983.398437500000000	-52.323513031005859	98.500061035156250
57025.398437500000000	-53.051143646240234	42.000000000000000
57040.601562500000000	-63.116416931152344	15.199093818664551
57211.101562500000000	-59.999084472656250	170.500000000000000
57303.398437500000000	-64.103324890136719	92.300903320312500
57373.000000000000000	-63.844947814941406	69.597595214843750
57403.199218750000000	-51.635513305664063	30.203105926513672
57449.800781250000000	-54.011619567871094	46.597892761230469
57482.000000000000000	-61.396278381347656	32.199001312255859
57637.601562500000000	-48.482330322265625	155.499938964843750
57772.300781250000000	-49.613449096679688	134.703399658203130
57796.199218750000000	-44.005268096923828	23.999761581420898
57876.500000000000000	-45.589462280273438	80.199234008789063
57990.101562500000000	-52.718910217285156	113.699157714843750
58027.601562500000000	-48.331687927246094	37.500000000000000
58086.800781250000000	-47.704315185546875	59.101844787597656
58161.601562500000000	-43.117973327636719	74.898155212402344
58327.800781250000000	-50.439643859863281	166.199493408203120
58387.000000000000000	-64.971458435058594	59.199001312255859
58477.601562500000000	-61.889732360839844	90.601501464843750
58500.398437500000000	-46.173873901367188	22.800907135009766
58523.000000000000000	-59.388813018798828	22.597593307495117
58538.898437500000000	-56.677154541015625	15.902406692504883
58565.800781250000000	-45.848903656005859	26.898593902587891
58641.300781250000000	-54.349689483642578	75.500000000000000
58702.000000000000000	-63.665473937988281	60.699001312255859
58713.101562500000000	-61.453113555908203	11.101499557495117
58774.000000000000000	-57.872886657714844	60.800842285156250
58847.699218750000000	-46.807243347167969	73.699203491210937
58884.800781250000000	-46.748245239257813	37.199455261230469
59079.500000000000000	-50.048717498779297	194.699005126953120
59146.000000000000000	-48.213226318359375	66.500000000000000
59277.000000000000000	-49.370548248291016	131.000000000000000
59319.300781250000000	-52.280513763427734	42.203342437744141
59375.199218750000000	-58.565902709960938	55.999763488769531
59425.500000000000000	-61.668830871582031	50.296894073486328
59488.300781250000000	-63.025096893310547	62.800998687744141
59598.601562500000000	-46.699970245361328	110.300498962402340
59673.601562500000000	-48.752368927001953	75.000000000000000
59730.601562500000000	-62.571689605712891	57.000000000000000
59797.500000000000000	-60.487514495849609	66.898498535156250
59833.300781250000000	-43.094524383544922	35.800998687744141
59873.199218750000000	-51.030551910400391	39.902107238769531
59979.898437500000000	-61.680335998535156	106.699302673339840
60106.300781250000000	-49.362323760986328	126.300933837890630
60152.101562500000000	-47.599601745605469	45.796592712402344
60229.500000000000000	-64.151878356933594	77.500061035156250
60399.300781250000000	-66.843124389648438	169.800994873046870
60537.500000000000000	-54.047710418701172	138.199005126953120
60655.199218750000000	-49.674308776855469	117.601547241210940
60723.500000000000000	-55.738571166992188	68.300796508789063
60789.699218750000000	-60.901821136474609	66.300765991210938
60924.101562500000000	-47.336257934570313	134.398391723632810
60951.199218750000000	-49.091056823730469	27.101606369018555
61111.898437500000000	-62.830932617187500	160.699295043945310
61130.000000000000000	-46.668865203857422	17.999937057495117
61249.398437500000000	-55.216461181640625	119.500061035156250
61390.398437500000000	-59.986042022705078	141.000000000000000
61585.898437500000000	-49.254600524902344	195.500000000000000
61601.601562500000000	-62.981067657470703	15.699093818664551
61701.601562500000000	-67.244384765625000	100.000000000000000
61732.300781250000000	-51.473453521728516	30.601842880249023
61805.800781250000000	-55.848060607910156	73.597656250000000
61854.199218750000000	-54.415687561035156	48.300544738769531
61872.101562500000000	-55.700588226318359	17.999956130981445
61981.800781250000000	-45.038566589355469	109.601844787597660
62042.000000000000000	-47.797908782958984	60.296657562255859
62202.000000000000000	-44.257053375244141	160.000000000000000
62330.398437500000000	-43.113872528076172	128.402404785156250
62369.800781250000000	-62.262050628662109	39.398593902587891
62539.601562500000000	-55.212154388427734	169.800506591796870
62668.000000000000000	-54.888000488281250	128.398498535156250
62697.101562500000000	-51.290473937988281	29.101499557495117
62843.398437500000000	-48.419147491455078	146.300903320312500
62918.898437500000000	-44.834831237792969	75.398437500000000
62961.601562500000000	-53.216114044189453	42.800655364990234
63067.000000000000000	-45.903720855712891	105.398498535156250
63135.898437500000000	-54.368782043457031	68.902404785156250
63233.398437500000000	-49.137954711914063	97.500000000000000
63370.699218750000000	-53.391548156738281	137.300704956054690
63403.101562500000000	-56.988929748535156	32.398395538330078
63543.500000000000000	-60.853424072265625	140.398498535156250
63603.500000000000000	-46.129493713378906	60.000000000000000
63749.500000000000000	-55.088157653808594	146.000000000000000
63907.398437500000000	-58.683578491210938	157.902404785156250
63941.300781250000000	-44.747291564941406	33.898593902587891
63999.199218750000000	-45.157752990722656	57.902107238769531
64118.898437500000000	-50.389469146728516	119.699302673339840
64140.898437500000000	-47.406997680664063	21.898437500000000
64231.398437500000000	-53.322208404541016	90.601562500000000
64288.300781250000000	-41.443004608154297	56.898593902587891
64350.000000000000000	-50.915523529052734	61.601345062255859
64453.398437500000000	-61.993846893310547	103.500061035156250
64549.500000000000000	-43.994804382324219	96.097595214843750
64648.101562500000000	-51.152694702148438	98.499938964843750
64710.500000000000000	-51.658786773681641	62.500061035156250
64788.898437500000000	-46.977439880371094	78.402404785156250
64921.000000000000000	-58.226524353027344	132.097595214843750
65008.898437500000000	-45.457698822021484	87.902404785156250
65067.199218750000000	-56.801017761230469	58.199138641357422
65220.699218750000000	-56.252281188964844	153.601562500000000
65314.199218750000000	-50.209449768066406	93.500000000000000
65408.300781250000000	-62.131717681884766	94.097892761230469
65475.601562500000000	-57.834934234619141	67.300498962402344
65499.101562500000000	-47.691585540771484	23.500000000000000
65599.796875000000000	-50.957511901855469	100.703315734863280
65639.101562500000000	-53.449089050292969	39.195125579833984
65683.601562500000000	-63.663871765136719	44.601562500000000
65785.203125000000000	-47.760742187500000	101.500038146972660
65852.398437500000000	-52.330207824707031	67.296958923339844
65896.000000000000000	-63.685306549072266	43.601501464843750
65980.398437500000000	-52.151599884033203	84.398498535156250
66089.898437500000000	-54.947620391845703	109.500000000000000
66138.601562500000000	-47.436630249023438	48.702999114990234
66286.500000000000000	-50.733531951904297	147.898498535156250
66395.101562500000000	-54.332366943359375	108.601501464843750
66462.500000000000000	-47.747383117675781	67.398498535156250
66687.601562500000000	-54.239093780517578	225.101501464843750
66794.898437500000000	-49.519844055175781	107.296997070312500
66862.898437500000000	-43.973339080810547	68.000000000000000
66958.898437500000000	-51.807491302490234	96.000000000000000
66999.203125000000000	-43.665386199951172	40.304599761962891
67149.796875000000000	-45.529895782470703	150.601715087890630
67181.296875000000000	-54.809795379638672	31.500000000000000
67313.601562500000000	-56.229579925537109	132.296691894531250
67431.898437500000000	-45.379673004150391	118.296997070312500
67661.296875000000000	-54.622886657714844	229.406311035156250
67679.296875000000000	-45.897701263427734	18.000000000000000
67757.398437500000000	-43.603580474853516	78.093688964843750
67852.398437500000000	-61.626277923583984	95.000000000000000
67883.000000000000000	-54.764587402343750	30.601499557495117
67995.000000000000000	-49.548034667968750	112.000000000000000
68076.203125000000000	-68.599998474121094	81.203102111816406
68123.796875000000000	-50.582927703857422	47.601711273193359
68187.500000000000000	-43.907901763916016	63.695186614990234
68419.601562500000000	-63.473430633544922	232.101501464843750
68534.101562500000000	-57.669361114501953	114.500000000000000
68603.398437500000000	-55.956974029541016	69.296997070312500
68754.000000000000000	-49.793941497802734	150.601501464843750
68816.296875000000000	-47.371471405029297	62.304813385009766
68925.796875000000000	-51.606269836425781	109.500000000000000
68984.796875000000000	-55.506114959716797	59.000000000000000
69045.101562500000000	-52.618705749511719	60.296688079833984
69117.000000000000000	-62.759922027587891	71.898498535156250
69161.296875000000000	-41.487918853759766	44.304813385009766
69487.296875000000000	-49.766540527343750	325.898437500000000
69561.296875000000000	-56.916275024414063	74.101562500000000
69654.500000000000000	-48.357646942138672	93.195190429687500
69684.500000000000000	-53.119735717773438	29.898437500000000
69821.898437500000000	-48.202415466308594	137.406311035156250
69873.703125000000000	-45.011734008789063	51.898349761962891
69917.101562500000000	-55.431598663330078	43.398399353027344
70034.000000000000000	-54.510105133056641	116.898498535156250
70093.898437500000000	-48.958660125732422	59.804748535156250
70149.398437500000000	-48.073806762695313	55.500000000000000
70238.398437500000000	-54.066661834716797	89.093750000000000
70295.000000000000000	-51.148059844970703	56.601501464843750
70350.796875000000000	-64.314346313476563	55.804813385009766
70409.101562500000000	-64.906539916992188	58.296688079833984
70531.296875000000000	-49.243801116943359	122.203315734863280
70557.500000000000000	-55.784645080566406	26.195186614990234
70800.703125000000000	-60.266872406005859	243.203094482421870
70884.796875000000000	-54.275329589843750	84.000152587890625
70944.296875000000000	-52.774654388427734	59.601562500000000
70958.203125000000000	-68.683898925781250	13.898287773132324
71120.398437500000000	-62.089107513427734	162.195404052734370
71180.398437500000000	-50.969841003417969	60.000000000000000
71289.703125000000000	-51.563583374023438	109.304603576660160
71363.296875000000000	-52.728237152099609	73.601715087890625
71566.500000000000000	-56.006843566894531	203.093627929687500
71621.703125000000000	-50.353172302246094	55.203098297119141
71675.898437500000000	-54.792526245117187	54.296962738037109
71801.898437500000000	-45.549331665039063	126.000000000000000
71937.398437500000000	-65.255371093750000	135.500000000000000
72030.796875000000000	-52.416149139404297	93.406311035156250
72071.898437500000000	-61.417160034179688	41.093688964843750
72156.398437500000000	-64.968528747558594	84.500000000000000
72195.898437500000000	-43.634552001953125	39.500000000000000
72411.296875000000000	-55.191238403320312	215.406311035156250
72552.398437500000000	-57.912025451660156	141.093688964843750
72648.796875000000000	-51.233783721923828	96.304748535156250
72877.398437500000000	-51.990829467773438	228.601501464843750
73049.101562500000000	-58.028556823730469	171.796752929687500
73149.500000000000000	-50.246776580810547	100.296936035156250
73203.398437500000000	-44.786769866943359	53.906311035156250
73303.703125000000000	-59.131427764892578	100.398353576660160
73454.101562500000000	-45.194396972656250	150.296844482421870
73564.898437500000000	-55.561168670654297	110.898559570312500
73618.000000000000000	-61.622367858886719	53.101501464843750
73747.601562500000000	-61.508007049560547	129.601501464843750
73896.296875000000000	-60.924438476562500	148.703308105468750
74001.203125000000000	-60.877365112304688	104.898284912109370
74112.296875000000000	-51.483894348144531	111.000152587890620
74176.601562500000000	-59.300228118896484	64.398246765136719
74280.203125000000000	-53.481655120849609	103.601600646972660
74353.398437500000000	-52.157539367675781	73.101646423339844
74454.398437500000000	-48.148632049560547	101.000000000000000
74553.601562500000000	-40.543022155761719	99.296752929687500
74641.101562500000000	-46.648410797119141	87.500000000000000
74700.398437500000000	-51.041286468505859	59.297000885009766
74815.398437500000000	-44.606433868408203	115.000000000000000
74889.898437500000000	-54.961975097656250	74.500000000000000
74995.398437500000000	-44.436798095703125	105.500000000000000
75180.601562500000000	-56.740646362304688	185.203002929687500
75295.796875000000000	-44.853599548339844	115.203315734863280
75370.500000000000000	-53.870044708251953	74.695190429687500
75435.203125000000000	-51.920757293701172	64.703102111816406
75606.296875000000000	-45.196403503417969	171.101715087890620
75785.796875000000000	-45.403175354003906	179.500000000000000
76095.000000000000000	-50.752285003662109	309.093627929687500
76326.000000000000000	-52.417346954345703	231.101562500000000
76431.703125000000000	-50.340854644775391	105.601539611816410
76465.101562500000000	-52.101509094238281	33.398399353027344
76574.000000000000000	-47.081745147705078	109.000061035156250
76791.500000000000000	-50.615978240966797	217.500000000000000
76809.796875000000000	-42.897430419921875	18.304813385009766
76921.398437500000000	-62.437572479248047	111.593688964843750
77102.398437500000000	-50.606334686279297	181.000000000000000
77127.101562500000000	-67.383354187011719	24.702999114990234
77262.203125000000000	-42.577033996582031	135.101593017578120
77448.398437500000000	-58.415458679199219	186.195404052734380
77571.203125000000000	-43.766712188720703	122.703041076660160
77699.000000000000000	-58.397415161132812	127.898460388183590
77837.601562500000000	-40.965522766113281	138.601501464843750
77965.000000000000000	-43.966285705566406	127.296936035156250
78194.601562500000000	-52.244365692138672	229.703063964843750
78360.203125000000000	-48.557476043701172	165.500030517578120
78451.796875000000000	-58.731071472167969	91.703277587890625
78960.898437500000000	-55.685993194580078	509.093688964843750
79057.500000000000000	-62.034065246582031	96.601501464843750
79120.296875000000000	-50.199607849121094	62.804813385009766
79192.500000000000000	-40.014636993408203	72.093627929687500
79368.101562500000000	-48.460426330566406	175.703063964843750
79527.203125000000000	-45.647438049316406	159.000030517578130
79638.203125000000000	-47.776485443115234	111.101562500000000
79722.601562500000000	-43.549983978271484	84.398399353027344
79848.101562500000000	-44.933036804199219	125.500000000000000
80094.000000000000000	-46.234874725341797	245.898498535156250
80274.296875000000000	-59.845317840576172	180.304809570312500
80366.796875000000000	-51.674346923828125	92.500000000000000
80480.703125000000000	-62.028640747070313	113.898284912109370
80721.703125000000000	-59.932395935058594	241.000000000000000
80793.101562500000000	-47.231502532958984	71.296836853027344
80913.000000000000000	-44.682685852050781	120.000061035156250
81275.703125000000000	-52.919197082519531	362.703094482421870
81611.796875000000000	-46.505790710449219	336.000152587890620
81728.601562500000000	-54.689392089843750	116.898246765136720
81950.796875000000000	-49.689949035644531	222.101745605468750
82393.500000000000000	-65.479095458984375	442.796752929687500
82501.101562500000000	-48.990642547607422	107.499938964843750
82667.703125000000000	-55.431156158447266	166.601593017578120
82750.500000000000000	-44.664531707763672	82.898460388183594
83170.601562500000000	-43.910884857177734	420.101501464843750
83293.898437500000000	-41.327247619628906	123.203247070312500
83425.000000000000000	-59.047782897949219	131.195251464843750
83715.296875000000000	-62.259616851806641	290.304809570312500
83841.796875000000000	-60.484439849853516	126.500000000000000
83979.101562500000000	-48.257972717285156	137.296691894531250
84134.500000000000000	-45.121864318847656	155.296936035156250
84230.796875000000000	-64.246574401855469	96.406372070312500
84358.398437500000000	-49.801963806152344	127.593688964843750
84567.101562500000000	-59.365177154541016	208.703002929687500
84900.398437500000000	-62.940292358398438	333.296997070312500
85177.398437500000000	-44.669586181640625	277.000000000000000
85454.203125000000000	-57.211208343505859	276.804595947265620
85909.898437500000000	-49.836429595947266	455.695404052734370
86082.898437500000000	-41.851085662841797	173.000000000000000
86206.398437500000000	-53.631072998046875	123.500000000000000
86646.703125000000000	-46.253807067871094	440.304595947265620
86995.398437500000000	-61.612285614013672	348.695404052734380
87240.796875000000000	-46.051643371582031	245.406311035156250
87334.601562500000000	-49.846267700195313	93.796684265136719
87669.601562500000000	-45.624046325683594	335.000000000000000
87839.101562500000000	-55.233516693115234	169.500000000000000
87892.101562500000000	-53.820461273193359	52.898437500000000
88108.500000000000000	-49.778011322021484	216.398498535156250
88273.601562500000000	-58.660045623779297	165.203063964843750
88743.898437500000000	-50.751014709472656	470.296997070312500
88889.601562500000000	-47.744029998779297	145.601440429687500
89115.296875000000000	-48.160297393798828	225.804870605468750
89395.703125000000000	-56.975971221923828	280.398284912109370
89812.500000000000000	-59.667800903320312	416.796905517578130
90008.703125000000000	-60.998336791992188	196.203094482421870
90246.296875000000000	-50.457412719726563	237.601715087890620
90390.101562500000000	-61.427871704101563	143.796691894531250
90579.898437500000000	-59.123210906982422	189.796997070312500
90725.398437500000000	-56.352668762207031	145.500000000000000
91054.703125000000000	-49.344799041748047	329.304595947265620
91258.101562500000000	-50.514274597167969	203.398406982421870
91665.500000000000000	-60.476276397705078	407.398498535156250
91902.398437500000000	-54.704578399658203	236.898498535156250
92095.203125000000000	-66.491561889648438	192.804595947265620
92453.601562500000000	-49.670452117919922	358.296844482421870
92825.203125000000000	-61.016460418701172	371.703155517578120
93585.296875000000000	-51.649196624755859	760.000122070312500
93949.898437500000000	-46.831745147705078	364.601501464843750
94460.296875000000000	-56.763557434082031	510.500061035156250
94956.101562500000000	-51.526912689208984	495.796691894531250
95218.000000000000000	-42.113185882568359	261.898498535156250
95378.796875000000000	-41.323425292968750	160.804809570312500
95538.898437500000000	-46.186008453369141	159.999938964843750
95829.000000000000000	-42.203624725341797	290.195251464843750
96045.203125000000000	-61.653858184814453	216.203094482421870
96230.796875000000000	-48.032577514648438	185.601715087890620
96458.398437500000000	-56.846710205078125	227.593688964843750
96713.703125000000000	-51.957138061523437	255.304595947265620
96821.101562500000000	-44.632614135742188	107.398399353027340
97309.296875000000000	-64.166809082031250	488.203308105468750
97489.000000000000000	-54.449138641357422	179.695190429687500
97875.296875000000000	-41.584011077880859	386.203247070312500
98074.398437500000000	-57.137096405029297	199.195251464843750
98247.796875000000000	-54.977851867675781	173.406311035156250
98500.203125000000000	-45.244560241699219	252.398284912109370
98707.203125000000000	-49.125640869140625	206.898437500000000
99348.796875000000000	-46.491443634033203	641.601684570312500
99763.796875000000000	-60.983783721923828	415.101562500000000
99935.796875000000000	-44.672966003417969	171.898437500000000
100299.898437500000000	-48.230411529541016	364.101501464843750
101038.203125000000000	-60.214870452880859	738.398376464843750
101584.601562500000000	-43.613803863525391	546.398376464843750
101965.601562500000000	-47.615345001220703	381.000000000000000
102298.500000000000000	-47.431037902832031	332.898498535156250
102484.601562500000000	-54.872566223144531	186.101501464843750
102690.796875000000000	-50.594127655029297	206.101745605468750
103186.500000000000000	-57.362312316894531	495.796752929687500
103324.898437500000000	-53.166805267333984	138.398498535156250
103915.703125000000000	-46.373786926269531	590.804626464843750
104181.601562500000000	-62.536762237548828	265.898406982421870
104372.601562500000000	-52.009078979492188	191.000000000000000
104575.101562500000000	-49.643127441406250	202.500000000000000
104727.601562500000000	-67.083068847656250	152.500000000000000
105008.500000000000000	-51.023838043212891	280.898498535156250
105284.398437500000000	-57.245807647705078	275.898498535156250
105468.796875000000000	-54.817714691162109	184.406311035156250
106145.101562500000000	-49.957881927490234	676.195129394531250
106338.601562500000000	-52.141391754150391	193.500000000000000
106857.398437500000000	-51.736328125000000	518.898559570312500
107237.101562500000000	-53.883838653564453	379.703002929687500
107780.703125000000000	-49.229442596435547	543.500061035156250
107943.796875000000000	-58.833061218261719	163.203277587890620
108121.296875000000000	-56.626819610595703	177.500000000000000
108494.898437500000000	-47.513813018798828	373.593688964843750
108799.101562500000000	-46.030704498291016	304.203002929687500
108939.500000000000000	-59.253883361816406	140.398498535156250
109312.203125000000000	-59.788879394531250	372.703094482421870
109624.500000000000000	-51.218826293945313	312.296905517578120
111168.796875000000000	-43.593177795410156	1544.304809570312500
112032.898437500000000	-45.437744140625000	864.093688964843750
112265.500000000000000	-46.467510223388672	232.601501464843750
112773.500000000000000	-44.930709838867188	508.000000000000000
112981.296875000000000	-45.030376434326172	207.804809570312500
113872.101562500000000	-55.972076416015625	890.796691894531250
114063.398437500000000	-49.671806335449219	191.203247070312500
114490.101562500000000	-51.216194152832031	426.796752929687500
114953.500000000000000	-41.386295318603516	463.398498535156250
116795.101562500000000	-60.844619750976562	1841.601440429687500
117253.000000000000000	-47.584739685058594	457.898498535156250
117781.898437500000000	-47.039997100830078	528.898498535156250
118023.101562500000000	-45.322437286376953	241.203002929687500
119034.101562500000000	-52.735683441162109	1011.000000000000000
119473.500000000000000	-49.757896423339844	439.398498535156250
119689.101562500000000	-54.725635528564453	215.499938964843750
119779.296875000000000	-42.514179229736328	90.304878234863281
120703.000000000000000	-47.060443878173828	923.593627929687500
120933.703125000000000	-51.534194946289062	230.804656982421870
121413.601562500000000	-50.582717895507812	479.898406982421870
121660.796875000000000	-50.536918640136719	247.203308105468750
122182.703125000000000	-49.896472930908203	521.796752929687500
122450.898437500000000	-66.468444824218750	268.296966552734370
122851.203125000000000	-54.321857452392578	400.203033447265620
123624.500000000000000	-55.051445007324219	773.398437500000000
124059.296875000000000	-53.821819305419922	434.804809570312500
124918.500000000000000	-66.682800292968750	859.195190429687500
125093.296875000000000	-48.757289886474609	174.804809570312500
126856.296875000000000	-54.512172698974609	1762.898437500000000
127790.296875000000000	-51.468364715576172	934.000000000000000
127981.101562500000000	-48.283863067626953	190.898254394531250
128322.203125000000000	-56.957180023193359	341.101593017578130
128554.500000000000000	-44.096324920654297	232.195343017578120
128918.796875000000000	-46.445671081542969	364.406372070312500
129701.898437500000000	-47.533267974853516	783.093688964843750
130177.500000000000000	-42.002796173095703	475.499938964843750
130923.101562500000000	-50.116855621337891	745.703063964843750
132565.906250000000000	-54.689193725585938	1642.796875000000000
132865.203125000000000	-42.199687957763672	299.203155517578120
134492.796875000000000	-49.420833587646484	1627.703247070312500
135820.093750000000000	-68.604255676269531	1327.296997070312500
136616.500000000000000	-49.302288055419922	796.406005859375000
136863.703125000000000	-51.287002563476562	247.093719482421870
137210.203125000000000	-43.881385803222656	346.593750000000000
137587.593750000000000	-46.080753326416016	377.406524658203120
137796.000000000000000	-62.962562561035156	208.406005859375000
137934.406250000000000	-58.248043060302734	138.390579223632810
138314.593750000000000	-42.678485870361328	380.203430175781250
138516.093750000000000	-44.451980590820313	201.500000000000000
139390.093750000000000	-45.736316680908203	874.000000000000000
139763.093750000000000	-54.565155029296875	373.000000000000000
140067.703125000000000	-50.960926055908203	304.499725341796870
140437.093750000000000	-44.084892272949219	369.406524658203130
140665.796875000000000	-46.717693328857422	228.687377929687500
140957.093750000000000	-47.994995117187500	291.312622070312500
141196.593750000000000	-62.165920257568359	239.593750000000000
142097.093750000000000	-44.607254028320313	900.500000000000000
142533.093750000000000	-63.825084686279297	436.000000000000000
142686.906250000000000	-48.883949279785156	153.796569824218750
143319.406250000000000	-49.958808898925781	632.406250000000000
143481.796875000000000	-53.274368286132812	162.500167846679690
144992.703125000000000	-49.329536437988281	1510.890502929687500
145185.796875000000000	-54.128650665283203	193.000152587890620
146039.000000000000000	-48.945518493652344	853.312377929687500
146939.796875000000000	-54.467536926269531	900.796997070312500
147832.593750000000000	-57.605381011962891	892.796997070312500
148060.203125000000000	-53.401557922363281	227.499725341796870
148639.593750000000000	-65.312019348144531	579.500305175781250
148878.593750000000000	-57.318958282470703	239.000000000000000
149206.406250000000000	-53.137958526611328	327.796569824218750
149999.500000000000000	-44.995082855224609	793.109436035156250
151922.093750000000000	-50.117897033691406	1922.593994140625000
152404.203125000000000	-52.577388763427734	482.093475341796870
152950.296875000000000	-50.278476715087891	546.000122070312500
153809.593750000000000	-40.496894836425781	859.312622070312500
154092.796875000000000	-44.286090850830078	283.296752929687500
154974.593750000000000	-54.440162658691406	881.796997070312500
157130.093750000000000	-52.805519104003906	2155.406250000000000
157352.593750000000000	-50.638465881347656	222.593750000000000
157799.000000000000000	-45.250946044921875	446.406005859375000
158702.500000000000000	-63.311378479003906	903.500000000000000
159647.093750000000000	-46.274406433105469	944.593994140625000
160005.796875000000000	-60.609764099121094	358.703002929687500
160599.296875000000000	-58.465023040771484	593.500000000000000
161367.000000000000000	-61.959411621093750	767.703002929687500
161781.203125000000000	-57.690250396728516	414.187469482421870
162172.093750000000000	-59.787586212158203	390.906524658203120
162878.500000000000000	-60.983787536621094	706.406005859375000
163397.406250000000000	-48.169300079345703	518.890563964843750
163821.500000000000000	-45.914546966552734	424.109436035156250
164251.203125000000000	-63.215110778808594	429.687469482421870
164542.093750000000000	-62.433437347412109	290.906524658203120
165018.203125000000000	-39.840812683105469	476.093475341796870
165772.593750000000000	-46.086639404296875	754.406555175781250
166246.296875000000000	-65.753479003906250	473.703002929687500
166680.593750000000000	-50.238727569580078	434.296997070312500
167026.593750000000000	-44.345970153808594	346.000000000000000
167327.593750000000000	-57.510375976562500	301.000000000000000
167726.296875000000000	-65.708183288574219	398.703002929687500
168633.500000000000000	-42.278270721435547	907.203002929687500
169590.406250000000000	-50.701553344726563	956.890563964843750
170063.296875000000000	-46.492618560791016	472.906433105468750
170946.093750000000000	-42.855823516845703	882.796997070312500
171761.500000000000000	-49.540760040283203	815.406005859375000
173294.500000000000000	-53.273544311523438	1533.000000000000000
173507.296875000000000	-42.503929138183594	212.796997070312500
173774.500000000000000	-50.443283081054687	267.203002929687500
177768.093750000000000	-54.829589843750000	3993.593994140625000
178082.406250000000000	-45.731807708740234	314.202819824218750
178421.000000000000000	-57.307971954345703	338.703186035156250
178732.406250000000000	-43.858997344970703	311.390563964843750
179063.593750000000000	-49.603706359863281	331.109680175781250
179329.500000000000000	-39.933052062988281	265.999755859375000
